0 0 3 7 8 10 11 12 16 17 18 21 22 24 26 29 33 34 35 36 39 42 43 45 47 49 52 53 54 55 59 62 67 69
1 32
2 66 15
3 0 3 7 8 10 11 12 16 17 18 21 22 24 26 28 29 33 34 35 36 39 42 43 46 47 52 55 57 59 60 62 67 68 69
4 66 4 38 40 44 15 50 30 63
5 56 64
6 2 66 4 37 38 40 44 15 27 30 63
7 56
8 56 64
9 66 15
10 66 15
11 5 71 9 56 30
12 32 1 70 40 41 44 13 48 19 51 23 25 30 63
13 15
14 56 9 30 71
15 66 15
16 0 7 8 10 11 12 16 17 18 21 22 24 26 28 29 33 34 35 36 39 42 43 45 46 47 49 52 53 54 55 57 59 60 62 67 68 69
17 56 64
18 0 3 7 8 11 12 18 21 22 24 26 28 29 33 34 36 39 42 43 45 46 47 49 52 53 54 55 57 59 60 62 67 69
19 56 64
20 66 15
21 32 1 70 40 9 41 44 13 48 51 23 25 63
22 2 66 4 37 38 40 15 50 27 30 63
23 5 71 9 56 30
24 5 25 27 30 31
25 5 71 9 56 30
26 0 3 7 10 11 12 16 17 18 21 22 24 26 28 29 33 34 36 39 42 43 45 46 47 49 52 53 54 55 57 59 60 67 68 69
27 15
28 2 66 4 37 38 40 44 15 50 27 30 63
29 0 3 7 8 10 11 12 16 17 18 21 22 24 26 28 29 33 35 36 39 42 43 45 46 47 49 52 53 54 55 57 59 60 68 69
30 66 15
31 56 9 5 71
32 66 15
33 3 7 10 11 12 16 17 18 21 22 24 29 33 34 35 36 43 45 46 47 49 52 53 55 57 59 62 67 68 69
34 0 3 7 8 10 11 12 16 17 21 24 26 28 29 33 34 35 36 39 42 43 45 46 47 49 52 53 54 55 57 59 60 62 67 68 69
35 66 15
36 2 66 4 37 38 40 44 15 50 27 30 63
37 66 15
38 0 3 7 8 10 11 12 16 17 18 21 22 24 28 29 33 36 39 42 43 46 47 49 52 53 55 57 59 60 67 68
39 66
40 0 3 7 8 10 11 12 16 17 18 21 22 24 26 28 29 33 34 35 36 42 43 45 46 47 53 54 55 59 60 62 67 68 69
41 32
42 56 64
43 2 66 4 37 38 40 44 15 50 27 30 63
44 32 1 70 40 9 44 13 48 19 51 23 30 63
45 5 71 25 27 30 31
46 66 15
47 66 15
48 0 3 7 8 10 11 12 16 17 18 21 22 26 29 33 34 35 36 39 42 45 46 47 49 52 53 54 55 57 59 60 62 67 69
49 2 66 4 37 38 40 44 15 50 27 30
50 1 70 40 9 41 44 48 19 23 25 63
51 56 64
52 2 66 4 37 38 40 44 15 50 27 30 63
