0 64 65 129 68 109 46 47 16 111 114 119 30
1 128 72 75 43 144 151 56 153 123 60
2 130 122 134 9 42 120 48 17 18 88 26 92 125 62
3 64 129 68 73 108 109 110 16 112 119 30
4 1 130 131 6 7 8 134 136 11 12 138 140 15 141 142 143 19 145 22 152 153 155 29 157 31 32 158 161 162 164 45 47 51 57 58 60 61 69 73 75 76 77 78 80 81 83 85 86 96 102 104 105 120 122 124
5 96 90 166 103 76 87 58
6 130 3 131 132 6 133 8 135 136 11 12 138 140 15 141 145 21 22 151 152 153 155 29 157 31 32 35 36 37 164 39 167 170 43 45 50 54 56 57 58 59 60 61 66 73 75 78 81 83 84 86 96 103 115 121 125
7 96 163 100 166 103 104 76 90
8 96 100 103 104 76 79 87 27
9 122 78 48 18 26 92 62 127
10 134 9 137 120 78 17 56 26 88 92 125 127
11 98 101 70 86 55 89 91 92 94 95
12 128 133 138 139 140 143 146 147 155 173 55 67 77 83 85 93 95 117 121
13 130 133 122 134 9 42 137 17 18 56 121 26 88 124 62 127
14 38 137 49 88 89 91 92 93 94
15 133 134 9 42 17 120 121 26 125 127
16 129 73 108 46 110 111 50 52 118 30
17 163 100 104 105 76 58 27
18 64 65 129 73 108 109 46 16 112 113 114 52 28 63
19 96 99 163 166 104 105 76 79
20 130 133 122 134 9 42 137 78 17 56 121 26 88 124 125 62 127
21 128 139 143 144 146 147 148 43 173 55 58 60 67 77 83 85 91 93 94 95 115 121
22 1 130 131 132 5 133 138 11 139 142 15 143 148 22 155 157 158 32 35 36 37 164 166 167 168 170 45 47 50 51 54 56 59 61 69 71 73 75 77 80 81 82 83 84 85 96 104 115 120 123 125
23 98 101 49 86 55 91 93
24 129 135 44 116 149 150 23
25 101 38 70 49 86 88 91 92 93 95
26 73 107 108 47 16 113 50 52 118 30
27 130 134 9 48 124 18 56 88 92 62 127
28 130 3 131 133 6 7 8 134 135 136 12 138 139 15 140 141 146 19 148 149 152 29 158 31 161 35 37 39 167 170 43 51 54 56 57 58 59 60 66 69 70 71 76 77 78 81 82 84 85 86 102 105 115 121 122 123 124 125 127
29 64 65 129 73 107 46 110 16 112 50 113 52 28 63
30 130 133 122 134 9 42 137 78 48 18 56 121 26 62 127
31 101 38 137 55 88 91 92 95
32 130 133 134 9 137 78 17 18 56 26 88 92 125 127
33 129 68 73 107 47 112 113 52 28 30
34 65 129 73 47 16 111 112 114 119 28 30
35 130 122 134 137 42 78 17 18 120 26 92 125
36 130 3 5 6 7 133 135 138 139 12 140 142 15 143 146 19 148 149 22 150 151 153 154 157 32 162 37 165 39 166 168 170 43 45 47 51 54 56 58 59 60 61 66 69 70 73 74 75 76 77 78 80 81 82 84 85 96 103 105 115 120 121 122 123 127
37 130 9 42 78 48 18 56 121 26 88 92 125 62 127
38 64 129 108 46 47 16 111 113 52 118 119 28 30 63
39 130 134 9 137 78 48 121 122 124 125 62
40 64 65 129 68 107 108 46 110 16 112 50 114 52 118 119 30
41 128 97 67 72 75 43 144 151 60
42 96 99 100 163 103 105 90 27
43 130 132 5 6 133 8 134 136 11 12 138 140 15 141 142 143 19 150 151 152 153 154 155 29 157 31 32 158 161 162 36 37 164 39 165 166 168 43 45 47 51 54 57 58 59 60 61 66 73 75 77 80 81 82 83 85 86 103 104 115 120 121 123 124 125 127
44 128 67 138 171 140 155 173 146 83 116 148 121 91 94 95
45 129 101 136 115 149 23
46 130 134 9 137 78 48 17 18 56 121 124 125 62 127
47 130 122 134 9 120 78 48 17 18 56 121 26 92 62
48 64 65 129 73 108 46 47 16 110 112 114 118 28 30
49 1 130 3 132 5 6 7 8 133 134 11 12 135 136 15 139 141 142 19 146 21 22 148 149 150 152 153 157 31 162 35 36 168 170 43 47 51 54 58 60 69 71 73 75 77 78 84 85 86 96 102 104 123 124 125
50 128 133 138 139 140 141 144 145 146 147 148 155 43 172 173 55 58 67 77 83 85 91 94 95 115 116 117 121
51 99 163 90 166 103 104 79 58
52 1 130 131 132 5 6 7 8 133 134 11 12 136 139 15 140 142 143 145 149 22 150 151 29 162 35 37 165 166 167 43 47 50 58 60 61 69 70 71 74 77 80 84 85 86 102 104 105 115 121 124 125 127
