0 64 129 68 73 107 108 46 110 111 112 113 52 119 28 30 63
1 128 97 67 131 72 43 75 144 53 151 123 60 126
2 130 133 122 134 9 137 124 17 56 121 26 88 92 125 62 127
3 64 129 68 73 107 108 109 111 16 112 50 114 52 119 63
4 1 130 3 131 5 6 132 8 133 135 11 12 136 138 15 139 140 141 19 143 21 22 145 146 148 149 150 153 29 154 31 32 157 161 35 36 37 162 39 164 165 166 168 47 54 56 58 59 61 69 70 73 74 75 76 77 78 80 83 84 85 86 102 103 104 105 115 120 121 122 123 124 125 127
5 96 99 100 90 166 103 104 105 76 87 58 27
6 1 3 6 7 8 11 12 15 19 21 29 31 32 35 36 43 45 47 51 54 58 59 61 66 69 71 73 74 75 76 77 78 80 81 82 83 84 86 96 102 103 104 105 115 120 121 122 124 125 127 130 131 132 133 134 135 136 138 139 140 141 146 148 149 150 151 152 153 154 155 157 158 161 162 164 165 166 167 168
7 96 100 166 103 104 105 76 79 87 90 27
8 96 99 100 90 163 103 104 105 166 76 79 58 27
9 130 133 134 9 137 17 18 26 42 48 56 78 88 92 120 121 122 124 125 127
10 133 134 137 42 120 78 48 17 18 124 88 92 125 127
11 98 101 70 38 137 49 86 55 88 89 91 92 93 95
12 128 133 137 138 139 140 141 143 145 146 147 148 155 43 171 172 173 55 58 60 67 77 83 85 91 93 95 98 106 115 116 121
13 130 133 134 137 42 120 78 48 17 56 121 122 88 92 125 62 127
14 101 70 38 137 49 55 88 89 91 92 93 95
15 130 122 134 42 120 78 48 17 18 124 56 121 26 92 125 62 127
16 64 65 129 68 73 107 109 110 47 16 111 112 113 114 118 119 30 63
17 96 99 100 90 163 103 104 105 166 76 79 87 58
18 129 16 28 30 46 47 50 52 63 64 65 68 73 107 109 110 111 112 113 114 119
19 96 99 163 90 166 103 104 105 76 79 87 58 27
20 133 122 134 137 42 120 48 17 18 124 56 121 26 88 92 125 62
21 128 133 137 138 139 140 141 143 145 146 147 155 43 171 173 55 58 67 83 85 91 93 94 95 98 106 116 117 121
22 1 5 6 7 8 11 12 21 22 29 31 32 35 37 39 43 45 50 54 56 57 59 60 61 69 70 71 73 74 75 76 77 78 80 81 82 84 85 86 96 102 104 105 115 120 121 122 123 124 127 131 133 134 135 136 138 139 140 141 142 143 145 146 148 149 150 152 153 154 155 158 161 162 164 165 166 167 168
23 98 101 70 38 137 49 86 55 88 89 91 92 93 94 95
24 101 136 106 44 152 115 116 117 149 23 150 61
25 98 101 70 38 137 49 86 55 88 92 93 94 95
26 129 16 28 47 52 63 64 65 68 73 107 108 109 111 112 113 114 118 119
27 130 133 122 134 137 42 120 48 124 18 56 121 26 92 125 62 127
28 1 131 132 5 6 7 8 133 134 11 135 138 139 15 140 141 143 19 145 21 22 146 153 154 155 158 161 162 35 37 165 167 168 170 43 45 47 51 54 56 57 59 60 69 70 71 73 74 75 76 77 81 82 83 84 85 96 102 104 115 120 122 123 124 125 127
29 64 65 129 68 73 108 46 47 111 112 50 114 52 118 30 63
30 130 133 134 137 17 18 26 42 48 56 62 78 88 92 121 122 124 125 127
31 98 101 38 49 86 55 88 89 91 92 93 95
32 133 122 9 42 137 120 78 48 124 18 56 26 88 92 125 62 127
33 64 65 129 68 73 109 46 47 16 111 113 114 52 118 119 30 63
34 129 73 107 108 110 47 111 112 50 113 52 119 28 30 63
35 130 133 122 134 9 42 137 78 48 17 120 121 26 125 62 127
36 1 3 5 7 8 11 12 21 22 29 31 32 35 36 37 43 45 47 50 57 58 59 60 61 66 69 70 71 73 75 76 78 80 81 82 83 84 85 86 96 102 103 105 115 120 122 124 127 130 131 132 133 134 135 136 139 140 142 145 146 148 149 150 151 152 153 154 155 157 161 162 164 165 166 167 168 170
37 130 134 9 42 120 78 48 17 18 124 56 121 122 88 92 125 62 127
38 64 65 129 68 73 107 108 109 110 111 16 112 50 113 52 118 119
39 130 122 134 120 78 48 17 18 124 56 121 26 88 92 125 62 127
40 129 16 28 30 46 47 50 52 63 65 68 73 107 108 110 111 113 118 119
41 128 97 67 131 43 75 144 53 151 56 153 123 60 126
42 96 99 100 166 103 104 76 79 87 58 27
43 1 130 3 131 5 6 7 132 134 135 136 12 138 139 141 142 145 148 21 22 149 151 152 153 154 155 157 158 31 32 161 162 35 36 37 164 165 167 170 43 47 50 54 56 57 58 59 60 61 66 69 71 74 75 76 77 78 80 82 83 84 85 102 103 104 105 121 123 124 125 127
44 128 137 139 140 143 144 145 146 147 148 155 43 171 172 55 60 67 77 83 93 94 95 98 115 116
45 129 101 135 136 106 115 116 117 149 23 150
46 130 122 9 42 137 120 124 17 18 56 121 26 88 92 125 62 127
47 130 122 134 9 42 137 78 48 17 18 56 121 26 88 120 125 62 127
48 64 65 129 68 73 108 109 46 110 16 112 113 114 52 119 28 30 63
49 1 130 131 132 5 133 134 8 135 136 11 12 138 139 15 140 143 146 19 148 21 22 149 150 151 152 153 154 29 155 31 32 161 162 35 36 37 164 165 166 170 43 47 50 54 56 57 58 60 61 66 71 73 74 76 77 78 83 84 86 96 102 103 104 105 115 120 122 123 124 125 127
50 133 137 138 139 140 141 143 144 145 146 155 43 172 173 55 58 60 77 83 93 94 95 98 106 116 121
51 96 99 100 90 163 103 104 105 76 79 87 58
52 1 130 131 132 5 6 7 8 133 134 11 12 135 138 15 139 141 142 19 143 145 22 146 148 150 151 152 153 29 154 31 155 157 158 35 161 37 162 39 164 166 167 43 168 45 170 47 54 56 59 69 70 71 73 74 75 76 77 78 81 82 83 84 85 86 96 102 104 105 115 120 121 122 123 124
