0 64 129 73 107 109 46 47 111 112 50 113 114 118 30 63
1 128 97 131 72 75 53 151 56 123 60 126
2 130 133 122 134 9 42 78 48 17 18 124 56 26 88 120 62 127
3 64 65 129 68 73 107 108 109 110 47 16 111 113 119 30 63
4 1 130 3 132 5 133 7 8 136 138 12 140 15 143 145 19 21 149 150 151 154 29 158 31 32 161 162 35 37 165 39 166 45 51 56 57 58 60 61 66 69 70 71 74 76 77 78 80 81 83 84 85 86 96 102 103 104 105 115 121
5 96 100 104 105 79 87 58 27
6 1 3 131 132 133 134 135 136 138 139 12 140 141 15 142 143 145 19 148 21 22 149 151 152 153 154 155 29 157 31 32 162 36 37 164 166 167 168 170 43 45 47 51 59 60 66 70 71 73 75 76 80 81 82 83 85 86 96 102 104 115 120 122 123 124
7 96 99 163 103 105 79 87 90 27
8 96 99 100 90 166 103 104 105 76 87 58
9 133 134 9 42 137 78 48 56 122 124 125 127
10 130 133 42 120 78 48 17 18 124 56 121 26 88 92 125 62 127
11 98 101 49 86 89 91 93
12 128 133 137 139 141 143 146 148 155 43 171 173 55 58 91 93 94 95 106 115 117
13 122 134 9 42 78 17 18 88 121 26 92 125 62 127
14 98 70 38 137 49 55 88 91 93 95
15 133 134 9 42 137 78 124 17 18 56 121 26 88 120 62 127
16 64 65 73 107 108 109 46 110 112 50 114 52 118 28 30
17 96 99 100 90 163 103 104 105 166 76 79 58 27
18 64 65 68 107 108 46 47 16 111 50 112 52 113 119 28 30 63
19 96 99 100 163 104 76 79 87 58 27
20 130 133 134 9 42 137 78 17 18 56 121 26 88 120 127
21 128 133 137 138 139 141 144 147 148 155 43 172 173 55 67 83 85 93 94 98 106 115 116 117 121
22 1 130 3 132 5 133 8 136 11 12 139 141 15 142 143 145 148 21 22 149 150 151 152 153 154 29 155 31 32 158 161 35 36 37 162 39 166 167 168 43 170 47 50 51 54 56 57 58 59 60 66 71 73 74 75 76 78 82 84 85 86 96 102 103 105 115 121 122 125 127
23 98 38 49 55 88 89 91 92 93 94 95
24 129 135 115 117 149 23 150 61
25 98 101 38 70 137 49 86 91 92 93
26 65 68 107 108 109 46 47 16 110 50 112 52 113 114 118 119 30 63
27 130 133 122 9 137 78 124 18 56 26 120 125
28 3 131 5 6 7 8 132 133 11 135 140 141 146 148 21 22 149 150 151 152 154 155 157 31 32 162 35 36 37 164 39 165 167 43 45 47 50 51 56 57 60 66 69 70 71 73 74 75 77 78 80 82 83 85 86 102 103 104 115 120 121 122 123 124 125 127
29 64 65 129 107 108 109 46 47 16 111 112 114 28 63
30 130 133 122 9 18 121 26 92 125 62 127
31 101 70 137 49 86 88 91 92 94
32 122 134 9 120 78 48 18 56 26 88 92 125 62 127
33 129 68 73 108 46 47 110 111 112 113 118 119 28 30 63
34 64 65 129 68 73 109 110 16 112 113 114 52 118 119 28 30 63
35 133 9 42 137 78 124 17 18 56 121 26 88 92 125 62 127
36 130 3 132 5 133 7 8 134 135 11 12 136 139 15 140 142 143 19 145 21 22 146 148 149 151 152 154 29 155 31 157 161 162 35 36 37 166 39 167 170 51 54 57 58 59 60 66 70 73 74 75 76 77 78 80 82 83 84 85 86 102 103 104 105 115 120 122 123 124 127
37 130 134 42 78 48 17 88 121 26 124 125 62 127
38 64 65 68 107 109 46 47 111 112 114 118 119 30 63
39 133 122 137 42 120 78 124 18 88 121 26 92 125 62
40 129 16 28 30 46 47 50 52 63 64 107 108 109 110 111 112 113 114 118
41 128 97 67 131 72 43 144 53 151 123 126
42 100 166 103 104 105 76 79 87 90 27
43 1 3 131 5 6 7 133 135 136 11 12 138 139 15 141 142 145 19 146 149 22 150 151 152 153 154 155 29 158 31 161 35 164 37 165 39 166 167 168 43 47 50 51 56 57 59 66 69 70 71 75 77 78 80 83 84 102 103 104 105 115 120 121 122 124 125 127
44 128 137 138 139 140 141 143 144 145 147 155 43 172 173 58 60 67 83 85 93 106 115 117
45 129 135 136 44 115 116 117 149 150 152 61
46 130 133 42 78 48 18 56 88 62 127
47 130 133 9 137 78 48 17 18 88 121 92 125 62 127
48 64 129 68 107 108 46 110 16 111 50 112 52 113 114 119 28 30 63
49 130 132 5 7 135 136 138 11 12 141 142 145 146 148 21 22 152 154 155 29 157 31 32 158 35 36 164 165 166 167 170 43 45 47 50 51 54 56 58 59 60 61 66 70 75 76 77 78 80 81 82 84 85 96 103 104 115 123 124 125
50 128 133 137 140 141 144 145 147 148 155 43 171 172 55 58 60 67 77 85 91 93 95 98 106 116 117 121
51 96 99 163 90 105 76 87 58
52 1 130 131 132 133 134 7 136 138 12 140 142 15 143 145 146 19 148 21 22 150 151 152 154 155 29 158 31 32 37 166 39 170 43 45 51 54 57 58 59 61 70 71 73 74 75 77 80 83 84 85 86 102 105 120 121 122 123 124 127
