0 129 16 28 30 46 47 50 52 63 64 65 73 107 108 109 110 111 112 113 114 118 119
1 128 97 67 131 72 43 75 144 53 151 56 153 123 60 126
2 133 134 9 137 18 26 42 48 56 62 78 88 92 120 121 122 124 125 127
3 129 28 30 46 47 50 52 63 64 65 68 73 107 108 109 110 111 112 113 114 118 119
4 1 3 5 6 7 8 11 12 15 19 21 22 29 31 32 35 37 39 43 45 47 50 51 54 56 57 58 59 60 66 69 70 71 73 74 75 76 77 78 80 81 82 83 84 85 86 96 102 103 104 105 115 121 122 123 124 125 127 130 131 132 133 134 135 136 138 139 140 141 142 143 145 146 148 149 150 151 152 153 154 157 158 161 162 165 166 167 168 170
5 96 99 100 90 163 103 166 105 76 79 87 58 27
6 3 5 6 7 8 11 15 19 21 22 29 31 32 35 36 37 39 45 47 50 51 54 56 57 58 59 60 66 69 70 71 74 76 77 80 81 82 83 84 85 86 96 103 104 105 115 120 121 122 123 124 125 127 130 131 132 133 134 135 136 138 139 140 142 143 145 146 148 149 150 151 152 153 154 155 157 158 162 165 166 167 170
7 96 99 100 90 163 103 104 166 76 79 87 58
8 96 99 100 90 163 103 104 105 166 76 79 87 58
9 130 133 134 9 137 17 18 26 48 56 62 78 88 92 120 121 122 124 125 127
10 130 133 134 9 137 17 18 26 42 48 56 62 78 88 92 121 122 124 125 127
11 98 101 70 38 137 86 55 88 89 91 92 94 95
12 128 133 137 138 139 141 143 144 145 146 147 148 155 43 171 172 173 55 58 60 67 77 83 85 91 93 94 95 98 115 116 117 121
13 130 133 122 134 9 137 78 48 17 18 56 121 26 88 92 62 127
14 98 101 70 38 137 49 86 55 88 89 91 92 93 94 95
15 130 133 122 134 9 137 78 48 17 124 56 121 26 88 92 125 62 127
16 129 28 30 46 47 50 52 63 64 65 73 107 108 109 110 111 112 113 114 118 119
17 96 99 100 163 166 103 104 105 76 79 58 27
18 129 16 28 30 46 47 50 52 63 64 65 68 73 108 109 110 111 113 114 118 119
19 96 99 100 163 166 103 104 105 76 79 87 90 27
20 130 133 134 9 137 17 18 42 48 56 78 88 92 120 121 122 124 125 127
21 128 133 137 138 139 141 144 145 146 147 148 155 43 171 172 173 58 60 67 77 83 85 91 93 94 95 98 106 115 116 117 121
22 1 3 5 6 7 8 11 12 19 21 29 31 32 35 37 43 45 47 50 51 56 57 58 59 60 61 66 69 70 71 73 74 76 77 78 80 81 82 83 84 85 86 102 103 104 105 115 120 121 122 123 124 125 127 130 131 133 134 135 136 140 141 142 143 145 146 148 149 150 151 152 153 154 155 157 158 161 162 164 166 167 168 170
23 98 101 70 38 137 49 86 55 88 91 92 94 95
24 129 101 135 136 106 44 115 117 149 23 150 152
25 98 101 70 38 137 49 86 55 88 89 91 92 93 94 95
26 129 28 30 46 47 50 52 63 64 65 68 107 108 109 110 111 112 113 114 118
27 130 133 134 9 137 17 18 26 42 48 56 62 78 92 120 121 122 124 125 127
28 1 3 5 6 7 8 11 12 15 19 21 22 29 31 32 35 36 37 39 43 45 47 51 54 56 57 58 59 60 61 66 70 73 74 75 76 78 80 82 83 84 85 86 102 103 104 105 115 120 121 122 123 124 125 127 131 133 134 135 136 138 139 140 141 142 143 145 146 148 149 150 152 153 154 155 157 158 161 162 164 165 166 167 168 170
29 129 16 28 30 46 47 50 52 63 64 65 68 73 107 108 109 110 111 112 113 118 119
30 130 133 122 134 9 42 78 124 17 18 56 121 26 88 120 62 127
31 98 101 70 38 137 49 86 55 91 92 93 95
32 130 133 134 9 137 18 26 42 48 56 62 78 88 92 120 121 122 124 125
33 129 16 28 30 47 52 63 64 65 73 107 108 109 110 111 112 113 114 118 119
34 129 16 28 30 46 47 50 52 63 64 65 68 73 107 108 109 110 111 112 113 114 118 119
35 130 133 134 9 42 137 120 78 48 17 124 88 121 26 92 125 127
36 1 5 6 7 8 11 12 15 19 22 29 31 32 36 39 43 45 47 50 51 54 56 57 58 59 60 61 66 69 70 71 73 74 76 77 78 80 81 82 83 84 85 86 96 102 103 104 105 115 120 121 122 123 124 125 130 131 132 133 134 135 136 138 139 140 141 142 143 145 146 149 150 151 152 153 154 155 157 158 161 162 164 165 166 167 168 170
37 130 133 134 9 137 17 18 26 48 56 62 78 88 120 121 122 124 125 127
38 129 16 28 46 47 52 64 65 68 73 107 108 109 110 111 112 114 118 119
39 133 134 9 42 137 120 78 48 17 18 124 56 121 26 88 92 125 127
40 129 16 28 30 47 50 52 63 64 65 68 73 107 108 109 110 111 112 113 114 118 119
41 128 97 67 131 72 43 75 144 53 151 56 153 123 60 126
42 96 99 100 90 166 103 76 79 87 58 27
43 1 3 5 6 7 8 12 15 19 21 29 31 32 36 37 39 45 47 50 51 54 56 57 59 60 61 66 69 70 71 73 74 75 76 77 78 80 81 82 83 84 85 86 96 102 103 104 105 115 120 121 123 124 125 127 130 133 135 136 138 139 140 141 142 143 145 146 148 149 151 152 153 154 155 157 158 161 164 165 166 167 168 170
44 128 133 137 138 139 140 141 143 144 145 146 147 148 155 43 171 172 173 55 58 60 67 77 83 85 91 93 94 95 98 106 115 116 117 121
45 129 101 135 136 106 44 116 149 150 23 152 61
46 130 133 134 9 137 17 18 26 42 48 62 78 88 120 121 122 124 125 127
47 130 133 134 9 17 18 26 42 48 56 62 78 88 92 120 122 124 125 127
48 129 16 28 30 46 47 50 52 63 65 68 73 108 109 110 111 112 113 118 119
49 3 5 6 7 8 11 12 15 19 22 31 32 35 36 39 43 45 47 50 51 54 56 57 58 59 61 66 69 70 71 73 74 75 77 78 80 81 82 83 84 86 96 102 103 104 105 115 120 121 122 123 124 127 130 131 132 134 135 136 139 140 141 142 143 145 146 148 149 150 151 152 153 154 155 157 158 161 162 165 166 167 168 170
50 133 137 138 139 140 141 143 144 145 146 147 148 155 43 171 173 55 58 60 67 77 83 85 91 93 94 95 98 106 115 116 121
51 96 99 163 90 166 103 104 105 76 79 87 58 27
52 1 3 5 6 8 11 12 15 19 21 22 29 31 32 35 36 37 39 43 45 47 50 51 54 56 57 58 59 60 61 66 69 70 71 73 75 76 77 78 80 81 82 83 84 85 86 96 102 103 104 105 115 120 121 122 123 124 127 130 131 132 133 135 136 138 139 140 141 142 143 145 146 148 149 150 151 152 153 154 157 161 162 164 165 166 167 168 170
