0 112 63 50 113 30 64 68 109 108 65 73 118 107 129 111 47 52 46
1 43 53 72 153 131 128 67 56 75 151 144 60
2 26 78 133 62 137 120 125 130 56 121 122 48 134 92 42 88
3 73 50 68 112 47 111 113 109 119 52 129 65 63 118 114 110 108 46
4 84 134 60 78 81 164 145 32 102 12 51 77 43 125 138 6 127 75 168 170 130 153 61 154 158 3 132 37 133 58 121 47 152 11 148 146 59 5 150 136 131 85 166 35 31 21 122 1 22 157 80 104 105 70 86 45 103 54 155 161 7 141 124 162 167 69 36 8 83 139 56 57 50 151 39
5 76 79 104 100 166 99 105 96 27 87 58
6 59 74 141 170 85 39 21 71 82 168 77 36 149 22 152 138 19 57 157 125 5 45 6 35 145 96 43 81 155 60 148 102 133 140 124 80 162 56 76 127 135 78 58 70 158 7 66 146 143 150 130 164 3 54 61 165 73 83 166 104 75 86 37 29 139 151 8 1 120 131 154 69 153 15 31
7 79 100 103 27 90 58 163 105 104 166 96
8 90 104 79 87 96 103 99 166 27 100 105
9 9 48 120 121 88 56 92 134 78 124 133 62 137 18 17 26
10 127 92 48 133 134 56 42 125 62 88 26 137 17 18 121 122
11 91 93 95 137 49 38 86 101 92 98 88 70
12 121 137 146 173 55 67 138 172 117 133 60 143 140 91 106 94 77 93 83 116 147 148 141 144 115 85 171 98
13 18 133 78 127 9 88 92 48 56 137 125 134 17 121 42 26
14 55 92 70 88 91 86 98 93 95 101 38 137
15 130 121 92 88 134 133 137 42 125 17 127 48 9 124 56 122
16 107 109 108 118 112 68 64 47 28 119 63 111 50 129 52 110 46 73
17 163 96 27 166 99 58 87 90 100 103 104
18 114 110 28 50 68 64 30 16 112 113 111 119 129 73 65 52 107 109
19 100 103 105 96 27 87 76 104 90 58 163
20 48 125 124 122 130 9 127 42 121 137 134 62 78 133 17 56
21 85 172 141 144 94 139 140 171 138 147 145 67 155 83 95 173 55 148 93 60 121 115 43 128 143 117 133 98
22 139 50 22 39 96 7 47 57 164 43 19 15 85 54 81 32 76 131 80 35 102 161 12 5 155 73 154 56 70 29 141 138 51 143 135 82 120 31 71 58 167 103 78 104 124 60 162 11 123 6 86 170 1 45 69 121 77 140 165 168 115 105 122 84 59 133 75 83 66 8 37 61 152 74 150
23 95 49 93 88 89 98 94 55 101 92 38 137
24 117 135 129 149 136 23 150 116 106 101 61
25 38 49 88 93 94 98 101 95 55 92 86 70
26 65 46 112 63 109 119 28 52 108 113 111 16 73 118 129 64 107 114
27 17 133 88 134 62 48 42 124 56 137 9 127 122 125 26 78
28 7 139 142 3 81 76 21 57 83 123 158 150 86 141 103 51 74 134 170 140 1 32 166 77 161 131 151 162 5 8 58 69 104 154 80 22 54 105 146 84 127 135 61 157 168 78 45 124 130 66 120 31 149 153 125 43 59 70 133 115 164 143 37 29 122 73 82 12 36 145 132 85 75 155 152
29 50 68 108 112 118 110 65 52 64 16 119 111 46 63 129 28 114 113
30 18 17 26 42 137 120 124 125 134 88 92 127 9 121 62 56
31 91 101 38 137 86 93 88 95 92 89 98 70
32 56 62 26 125 120 18 137 133 122 124 42 17 88 78 48 121
33 52 129 16 30 113 111 119 64 112 46 50 107 114 73 47 109 118 108
34 16 64 52 63 110 118 28 109 50 119 114 68 30 46 107 73 112 47
35 88 92 134 48 120 78 137 122 18 26 42 124 121 125 62 56
36 6 135 142 162 134 96 8 138 5 56 170 122 35 132 73 131 141 74 139 120 80 12 148 29 146 57 150 60 43 157 121 115 145 36 70 85 58 153 104 71 3 66 167 1 136 15 86 47 84 154 81 82 168 149 105 75 123 77 78 130 83 127 103 61 45 133 69 161 50 125 32 11 37 152 54
37 42 127 78 56 26 17 122 121 120 48 62 92 125 9 134 124
38 64 118 107 109 50 129 65 73 108 63 46 110 113 47 119 30 111 112
39 17 9 42 127 137 56 124 125 88 122 62 133 48 78 130 121
40 73 50 129 110 108 118 28 68 65 107 63 111 119 47 16 64 114 109
41 97 56 67 153 43 126 72 123 131 144 128 53
42 87 105 96 104 99 27 90 79 163 166 58
43 51 15 103 127 135 32 154 157 47 105 7 29 165 70 83 140 133 58 54 77 153 150 19 164 96 131 124 22 115 73 168 82 12 125 143 102 1 104 57 5 50 31 43 71 142 8 149 132 36 148 120 74 167 141 85 56 130 3 155 66 134 161 151 166 162 76 81 75 39 145 35 45 86 61 21
44 171 85 139 93 144 147 55 137 98 77 58 43 60 143 67 116 121 128 106 95 145 173 140 91 141 94 115 148
45 149 106 150 115 135 116 136 129 23 101 44
46 88 18 17 26 124 92 42 121 134 122 137 125 133 127 56 9
