0 63 113 109 50 111 65 46 16 47 28 118 52 107 30 114 108 112
1 144 60 72 67 56 53 131 75 128 97 153 123
2 120 121 133 134 127 78 88 122 48 9 92 125 26 56 124
3 129 113 118 46 108 112 114 107 65 73 119 30 47 64 52 63 50
4 82 138 157 133 60 45 47 151 162 124 146 11 58 125 80 142 73 153 143 76 103 132 140 115 57 22 29 43 59 168 1 123 21 78 15 158 154 150 149 7 86 12 35 50 145 8 6 84 148 39 31 122 69 71 165 70 121 152 5 105 127 131 54 135 167 136 104 56 66 96 75
5 100 99 87 105 79 103 76 58 163 27
6 77 74 15 6 76 115 82 153 133 85 54 131 69 104 145 130 60 31 51 151 143 66 158 166 146 81 45 22 80 84 35 86 142 96 58 157 36 124 105 152 32 155 134 125 5 83 149 132 162 39 123 154 29 3 138 47 121 21 170 11 165 167 139 70 127
7 103 90 76 99 79 166 104 58 87
8 103 99 163 166 76 79 90 100 104 105
9 125 18 92 48 130 88 17 122 56 62 120 121 134 26 127 133
10 18 137 9 134 42 122 127 92 17 78 124 121 48 133 125 62
11 55 101 70 94 86 98 38 137 92 88
12 43 146 171 173 141 93 94 83 155 95 133 144 148 172 85 58 137 60 55 147 143 67 98 115 117 138
13 130 56 62 92 78 127 122 17 133 18 26 121 9
14 88 91 38 70 94 137 86 49 92 101 93 98
15 9 88 127 48 78 125 62 92 137 130 56 17 121 122
16 118 28 114 52 110 112 46 73 109 65 47 30 64 107 119 111
17 104 96 27 103 99 105 79 166 76
18 114 108 119 113 64 46 47 111 118 110 68 52 30 16 63 65
19 166 100 90 103 27 96 79 105 99 104
20 88 127 9 56 92 42 18 137 124 48 78 120 134 133 122
21 98 141 77 91 121 85 171 58 138 144 137 146 83 67 128 172 94 93 116 145 95 173 117 106 60
22 161 82 104 66 31 135 74 148 32 47 162 29 6 157 105 149 5 3 7 19 133 84 56 164 155 153 136 141 45 21 151 122 123 134 102 77 150 78 124 50 83 12 121 170 131 59 140 81 71 85 61 143 70 43 168 166 115 167 130 142 145 125 120 76 127 146
23 101 86 88 94 49 38 70 92 95 55
24 152 136 117 101 115 129 149 106 150
25 88 93 92 101 91 70 49 137 89 95 94 98
26 110 108 65 129 50 112 109 113 47 114 52 30 63 111 68 118
27 18 17 122 78 9 125 26 130 62 137 92 121 48 124 56 42
28 150 127 39 66 145 103 168 152 161 80 7 138 86 12 105 155 122 146 82 115 78 158 124 165 51 121 57 125 120 3 73 149 70 162 153 133 140 1 154 142 58 83 61 43 29 15 47 59 19 131 22 139 21 141 6 167 85 36 31 60 76 84 148 104 32 56 37 11
29 109 73 112 47 68 111 108 46 110 129 118 30 65 52 50 107 28
30 127 121 42 62 18 56 130 78 26 124 88 120 9
31 95 70 137 38 98 92 91 101 86
32 26 120 124 137 130 134 56 18 9 122 125 42 92 88 78
33 108 63 65 112 111 119 114 107 110 109 52 30 16 113 129 47
34 52 110 113 63 47 30 129 119 46 64 107 65 16 108 109 68 50 114
35 137 133 17 130 88 48 92 134 9 26 42 121 125
36 76 85 22 32 149 131 45 5 124 166 152 140 125 47 80 60 19 104 12 56 143 51 155 70 50 69 39 31 121 1 8 123 135 6 136 141 161 145 58 132 78 142 168 66 167 120 122 115 71 150 84 170 86 7 157 130 61 133 165 59 139 162 158 77 151 11 81 36 54
37 56 48 133 88 127 121 17 26 124 137 78 62 18 120 125
38 112 129 68 111 65 47 109 73 46 28 119 52 114 118 108
39 48 17 56 127 133 26 121 78 124 134 125 137 9 92
40 16 114 47 63 129 118 107 64 109 110 28 113 111 119 30 52 108
41 144 75 53 97 67 43 128 153 131 72 151 60
42 99 27 87 100 90 58 96 79
43 76 70 121 152 166 165 125 81 60 133 85 82 84 149 21 102 167 47 69 124 6 80 142 86 151 15 127 59 103 136 141 161 153 148 54 146 115 75 104 32 1 170 7 158 120 123 56 5 39 19 29 155 61 105 78 154 77 164 36 57 50 139 3 37 130 66
44 171 91 139 77 141 145 115 173 146 67 144 93 95 117 172 137 94 148 43 155 55 106 121 143 98 128 147 116
45 129 61 150 149 135 44 106 152 116
46 62 130 17 120 48 137 133 78 124 125 9 122 134 121 42
