0 119 129 111 64 114 47 68 30 65
1 43 144 56 60 123 151 75 72
2 92 17 18 62 88 9 48 42 125 122 134
3 68 73 30 16 112 129 119 109
4 19 131 29 69 143 47 12 81 130 158 120 136 145 57 157 60 162 51 61 142 134 83 155 77 161 141 80 6 140 22 8 86 105 15 75 164 32 153 96 73 78 58 124 31
5 103 87 166 90 76
6 121 6 141 145 50 61 54 22 140 39 170 31 37 11 32 15 125 86 84 66 59 151 60 133 35 152 12 45 75 135 8 56 83 81 21 103 29 78 131 73 155 164 138 153
7 166 90 163 103 76 96
8 87 76 96 103 104 27
9 62 127 78 48 92 18
10 120 26 127 88 78 17 9 134 137
11 70 98 92 101 86 94 91 89
12 95 139 147 121 173 143 85 155 133 146 93 128 117 77 67
13 122 26 133 121 18 130 56 88 17 134 137 62
14 92 89 49 38 93 88 91
15 125 133 120 42 26 17 127 134
16 110 46 52 108 118 50 30 129
17 58 105 163 76 27
18 16 73 129 109 46 65 112 63 108 113 28
19 76 105 163 79 166 96
20 88 9 42 125 127 17 121 130 133 26 137 78 124
21 93 115 60 173 85 77 95 139 67 83 121 94 146 128 55 91 147
22 84 82 59 155 75 37 115 170 32 61 77 123 96 15 5 164 167 168 51 131 54 166 50 56 35 158 85 130 80 47 148 133 1 81 139 125 138 120 22 83
23 49 101 93 55 91
24 116 149 44 129 135
25 49 38 86 93 91 101 92 70
26 108 73 118 113 107 47 52 50
27 134 18 62 92 127 9 130 88
28 134 78 136 81 138 121 139 135 59 35 51 122 158 82 86 15 170 19 140 146 31 71 141 105 130 127 43 8 124 131 57 123 54 152 125 148 77 102 149 84 69 37 76 6 115 12 3
29 129 50 113 107 28 112 63 46 64 73 16
30 18 78 62 42 9 122 56 127 134 26 133 137
31 95 38 91 55 88 101
32 17 130 18 127 56 78 133 26 134 137 125
33 112 28 52 30 68 73 107 129
34 119 65 114 129 30 28 111 16
35 17 92 130 26 18 122 125 42 134
36 170 51 32 12 47 133 142 154 105 69 56 78 115 166 80 22 103 150 5 148 153 73 66 123 61 43 127 162 37 165 7 151 76 96 135 168 146 15 140 6 75 74 81 157 54 82 70 59 45 19 149 139
37 48 78 88 127 26 62 92 42 130 125 56
38 52 30 16 28 113 108 119 63 64 46 129
39 48 125 130 78 137 121 124 9
40 64 110 16 107 112 50 65 68 114 30 119 129
41 151 97 128 43 75 72 144
42 99 27 103 163 100 105
43 124 66 5 85 161 31 19 142 43 164 61 86 140 165 54 136 77 134 154 59 60 8 104 12 75 81 83 143 130 162 15 11 103 127 39 125 47 141 123 150 58 82 132 37 51 120 138 155 73 57 133 166
44 173 121 67 155 83 128 116 91 94 146 148 95
45 101 129 149 136
46 17 62 121 56 78 127 18 134 9 48 125
