0 54 39 29 0 52 49 10 42 55 34 22 12 62 18 17 69
1 32
2 15
3 62 60 46 18 12 33 52 21 47 7 69 36 57 0 35 10 59
4 38 15 50 63
5 64
6 63 15 38 27 4
7 56
8 56
9 15
10 15
11 56 9
12 30 44 51 40 48 70 25
13 15
14 56 71
15 15
16 49 60 17 43 53 69 39 59 42 47 55 36 67 18 35 22 21 10
17 64
18 24 22 33 59 54 62 46 49 12 18 43 55 28 8 52 57
19 64
20 66
21 9 25 13 40 51 32
22 27 2 38 50 15
23 5 9
24 27 25
25 5 30
26 18 69 28 0 54 34 59 43 45 49 10 67 57 55 33 21 26
27 15
28 38 50 4 15 2 63
29 10 47 24 0 52 26 43 57 12 21 42 55 60 29 3 53 18
30 66
31 71 5
32 66
33 43 24 36 55 17 11 16 33 69 3 10 59 67 21 45
34 52 42 36 49 60 34 53 7 33 43 46 29 55 8 3 21 24 17
35 15
36 37 63 50 44 15 4
37 66
38 55 8 22 53 16 11 52 0 39 12 28 60 17 43 59
39 66
40 3 33 53 35 16 69 68 21 42 29 55 43 36 54 24 46 26
41 32
42 64
43 63 38 15 30 2 4
44 70 44 19 32 13 9
45 31 71 5
46 15
