0 109 129 46 47 50 64 118 73 112 111 63 114
1 75 72 131 56 97 126 53 123
2 124 26 122 62 130 18 134 56 78 127 48 133 42
3 63 108 107 16 65 109 110 47 30 129 113 64
4 102 56 130 83 161 66 21 71 143 80 29 154 77 74 96 51 32 138 37 84 58 166 158 35 12 5 19 151 145 132 136 104 39 15 162 78 1 60 133 81 57 149 61 140 31 105 115 150
5 87 104 79 58 100 27
6 167 145 131 122 132 140 1 149 73 123 148 153 120 157 152 47 75 170 115 133 155 80 124 32 71 82 102 136 37 21 166 164 76 83 162 22 139 59 36 43 135 143 86 66 51 154 12 70 141 81 31 168
7 163 103 27 99 96 79 90
8 100 105 90 166 99 104 76 103
9 122 56 125 48 124 137 134 127 42
10 127 48 133 78 42 26 92 56 124 17 130 18 62
11 49 98 91 101 86
12 58 106 95 91 117 137 93 94 148 115 43 139 143 55 173 128
13 121 62 17 127 42 125 78 92 134 122 9
14 70 98 55 93 137 38 95 49
15 121 56 88 17 42 134 62 78 124 9 120 137
16 52 65 118 114 107 73 30 28 112 64 110 109
17 79 100 58 90 96 76 103 163 99 105
18 65 112 16 63 64 47 46 28 108 107 113 52 30
19 100 96 99 27 79 76 104 87
20 56 133 130 121 137 17 26 88 134 127 78 18
21 83 137 93 172 173 94 55 98 155 128 43 138 133 115 117 121 141 147 67 144
22 141 132 58 50 102 155 78 168 170 142 121 154 36 12 86 57 130 84 11 56 8 54 60 143 105 122 15 22 149 3 32 166 127 139 158 37 85 75 1 153 150 103 5 136 51 76 133 47 115 71 35 29 39 161 82 96
23 88 55 89 98 92 49 94 91
24 117 115 129 61 150 135
25 38 91 49 101 98 86 137 93
26 110 47 50 118 52 109 119 107 65 30 68 63 114 113
27 120 26 137 56 125 130 124 9 18
28 60 74 86 149 66 141 47 135 155 31 85 124 120 45 127 146 56 80 115 132 11 50 104 140 36 71 83 32 167 78 123 5 162 150 22 164 122 39 35 8 75 82 102 152 70 57 43 125 69 165 51 37
29 129 65 111 28 109 64 114 63 108 16 47
30 127 9 121 92 130 26 18 62
31 70 49 137 88 91 94 92
32 48 26 125 9 88 56 62 18 127 78 120
33 30 47 68 113 28 108 119 129 63 73 118 111
34 113 30 109 16 64 63 114 110 112 119 65 73 28
35 137 78 124 9 88 56 125 26 62 133 42 127
36 39 74 139 75 170 58 78 120 51 66 162 57 104 70 36 84 136 22 123 166 76 80 157 85 3 146 151 60 154 29 135 54 130 21 73 82 102 143 134 152 37 31 115 15 149 5 122 167 77 142 7 11 8 35 161 19
37 42 124 88 121 78 17 127 134 125 26
38 47 46 111 30 118 114 107 112 68 63 109
39 133 18 122 88 78 121 125 92 42 62 124
40 50 129 46 47 111 63 110 112 108 114 30 52 16 113 107
41 126 128 53 131 72 43 144 151
42 104 103 87 76 105 90 100 166
43 22 153 131 19 104 102 83 5 43 47 57 11 78 75 115 37 135 164 136 145 146 167 138 71 165 133 151 69 56 6 150 39 149 158 124 51 35 121 168 166 3 50 80 154 59 70 139 125 127 7 141 105 15
44 137 85 128 106 143 140 144 60 141 58 155 145 173 147 172 138 117 83
45 152 117 150 115 136 44 129 61
46 78 18 133 127 48 56 42 130
