0 73 52 64 46 119 107 111 30 113 63 110 108
1 97 144 126 75 131 123 151 67 60 43
2 122 127 17 121 133 62 9 137 92 125 88 124
3 50 114 109 108 52 119 63 64 111 68 129 73
4 85 11 22 120 47 58 122 168 146 162 154 143 165 157 37 31 139 131 56 3 115 130 124 76 136 83 125 69 148 141 127 150 75 74 6 32 19 161 54 123 70 105 12 135 133 29 140 78 59 121 102 36 145 1 5 104 164 21 166
5 99 90 166 87 105 76 96 104 58
6 138 149 150 132 80 59 155 146 82 47 32 148 15 120 125 115 66 29 35 36 162 131 158 152 19 81 135 76 167 71 153 134 122 43 141 139 78 7 58 140 136 124 164 54 165 127 157 154 103 84 11 1 8 121 51 21 86 75 31 102 105 166 168
7 166 90 105 104 103 96 76 79
8 99 58 96 166 27 90 79 163 103 105
9 137 127 122 48 26 42 130 134 78 17 56 9 121 125 18 92
10 42 127 88 125 124 18 78 92 120 17 134
11 86 101 88 55 137 98 70 95 89 49 38
12 133 172 147 121 146 98 171 141 60 138 115 67 137 143 85 140 43 83 91 106 95 93 58 55 173
13 56 122 78 134 88 137 48 121 17 127 42 133 120
14 38 49 101 93 88 91 92 89 137
15 42 127 120 134 26 92 48 124 18 78 130 122 17
16 47 30 114 118 73 16 110 113 129 111 64 65 109 107
17 105 103 96 76 87 104 99 79 166 100
18 114 46 112 50 68 52 28 111 129 113 65 107 63 47 73 109
19 96 79 103 99 105 163 27 90 87 76
20 18 92 120 56 137 62 125 134 124 88 17 26 133
21 133 94 140 143 137 128 55 121 58 138 155 98 173 116 85 141 106 43 93 83 145 95 139
22 85 167 54 138 29 105 123 73 145 57 143 135 164 155 96 121 158 80 166 22 122 45 104 70 60 152 39 161 77 150 142 165 154 127 31 56 141 61 71 43 136 149 124 75 115 12 134 148 5 1 131 86 139 168 133 8 6 82 50 74 102 140
23 94 137 88 55 93 95 89 38 91 92 70 98
24 115 150 136 44 117 116 106 101 61
25 137 95 93 101 88 92 94 49 98 38
26 112 118 109 113 65 108 111 16 129 73 47 114 119 28 107
27 130 120 92 137 121 48 124 134 122 125 42 127 62
28 154 139 165 77 5 1 82 37 11 102 35 123 69 104 134 115 59 45 54 132 70 19 124 146 133 15 125 81 143 138 51 83 8 135 145 47 21 162 120 170 155 167 161 122 7 158 6 71 76 127 75 74
29 46 63 118 111 64 129 30 112 50 47 114 73
30 78 42 122 134 121 62 137 127 133 88 124 18 92 56 48
31 88 92 93 101 49 95 38 91 89
32 133 48 18 127 56 78 137 88 9 124 92 26 62
33 109 46 114 52 65 68 64 63 47 73 30 119 118
34 107 119 30 110 108 112 28 111 50 73 47 113
35 137 134 48 120 62 9 127 130 42 78 17 26
36 164 127 136 47 58 120 60 102 35 135 1 152 70 140 149 66 103 86 83 166 122 11 29 57 31 12 73 78 161 32 96 146 131 105 142 150 59 134 145 50 154 133 81 130 45 37 124 76 8 85 80 69 157 165 61 167 71 36 84 151 115
37 62 17 56 134 18 92 121 9 88 124 120 42 125 127
38 107 129 16 113 65 111 118 64 108 110 112 73 119
39 18 78 92 134 120 48 121 56 125 127 122 88 62
40 129 50 107 30 73 47 110 111 113 108 52 16 28 65 68
41 60 123 151 126 75 53 67 153 97 56 131
42 58 27 100 76 79 104 96 87
43 127 134 121 141 59 142 3 161 6 31 132 37 103 154 47 43 152 1 123 83 82 145 157 54 167 36 130 162 50 71 61 69 77 170 74 135 75 84 78 35 60 155 7 164 148 151 85 66 22 12 5 56 138 149 102 139
44 94 95 144 148 139 93 172 55 67 155 77 60 115 98 83 140 128 146 171 145
45 149 23 135 116 106 101 136 129
46 125 122 18 120 62 121 42 130 137 92 88 9 124
